60.20396230395742
58.27823032567312
56.94935356368719
28.709063084340386
23.994366782488648
52.17093178292307
46.11334734203969
64.48012752171866
52.843066955595795
19.880777773284784
58.158764730827215
43.11096125865286
22.608524495279426
27.852833569295854
22.747843329161174
54.413686833834596
47.849953964607174
63.25450438305444
40.68903262975969
29.21077712955032
61.71215263698652
52.53970356037682
43.52277520373929
47.884829376743305
24.33354975351484
55.14997767965747
22.721953089662765
25.561422349359365
25.762151987410718
20.657547226432058
74.02538179364083
46.69234531378946
35.59452200040411
22.554290713321798
44.684429870826605
48.059379456363054
71.74686317259881
34.17122363638728
36.02501784649157
25.924933011386777
44.064011873576916
50.09550072096695
20.658669914588216
28.426551837130564
18.384752812502445
65.1444765118089
73.67472823425321
49.40942469645501
24.163027793216003
24.81676818416552
65.45383851704682
75.7558909540007
44.84198668874369
22.907287648296585
25.74324917886052
45.106983471690555
60.2895726777077
71.87112528783484
21.936143181102107
24.784801599023076
60.18761196298745
59.03672673178852
28.232750641667195
22.34725068046415
67.23643559807651
50.61844789683425
58.85341168013779
56.51507879283675
68.30919108956431
21.16647786107046
73.00077914043769
29.550849404812872
37.71485967708266
22.882540385998958
22.801778179077623
73.01922493600642
43.343933783899175
42.88348282361818
49.28064464317524
20.37669295822947
44.67319601003713
40.449993660181754
30.5516305767306
27.4964852724678
47.9970182401831
69.00738835274029
60.05538598092039
50.70893478391373
34.452727420972266
42.48963528480122
48.62980020738564
63.51936093738853
38.631637263321714
43.357660486497814
50.29223218246293
71.89723736681489
57.61656847253532
28.56515376187798
51.33216624755064
53.85493110320889
51.598912685764695
38.387770590922344
55.53380231585767
21.989942428231444
23.9204494089335
53.82623745271187
49.57856814402739
48.51290494846874
34.275406961300426
21.861082780197286
47.868478423392304
56.93055184204178
47.92923240509558
35.91915649580256
33.230603831873566
74.84023976789214
61.57439855567809
51.50982039992107
21.24550718918256
66.50936890603413
51.201814535488495
55.75483745256088
40.29495291275945
25.113564885030108
21.01374189782256
58.49412910216877
28.610335372582234
28.619708664613675
21.63835685637893
21.859096004377534
76.97080689505654
75.00164167515752
25.039342654439164
26.334531585561763
38.99377494533439
54.178036360181906
44.6232087020917
32.19273641933354
20.513561863281172
21.877023873740548
57.78625829863313
46.972494017952975
36.7992661412233
48.94357164504853
36.06660548802792
0.0       
0.0       
0.0       
0.0       
0.0       
0.0       
0.0       
0.0       
0.0       
0.0       
0.0       
0.0       
0.0       
0.0       
0.0       
0.0       
0.0       
0.0       
0.0       
0.0       
0.0       
0.0       
0.0       
0.0       
0.0       
0.0       
0.0       
0.0       
0.0       
40.79744662150747
36.69893153696868
41.81571819190511
21.652387922056107
66.84060107231909
51.567496049237256
29.186591198054412
28.869078182448074
25.179301933048652
81.39075601848249
75.92450157535032
25.06544466838626
30.870535534840158
33.14363342907686
41.87691578840591
58.825421392711746
80.08185242408946
32.43798324799404
50.20470317181026
40.13275845852154
38.39024208204622
45.338886723226786
21.829091767392
84.48897153621613
56.71042207890489
41.73492240913701
32.44451117849036
24.647640917972566
30.140205811101758
48.03858521435035
49.19106010174272
22.413870437463135
36.572908004066235
44.71956079929084
30.402052114441062
46.88524261173885
52.476834496696036
46.89440866176151
34.979893570930216
55.87531129028216
59.65124686010489
36.8973112735544
40.21682295561454
27.532661536017788
23.40103451443918
23.123193096948434
46.037528023119386
53.4798260611554
35.05830695432234
44.60861754215323
23.62677772463725
63.27262872262177
55.713789858870115
55.19597312450631
47.71158036037685
36.5850812146053
50.58724397755238
66.90420924161855
41.65138653194293
22.234477454208136
27.75871955510981
33.33511312508796
20.809235573080496
37.84717528669362
40.281254491939656
55.06486273195787
24.513675278705417
60.0259719900808
72.81132894521068
69.15498279346312
22.501125265298416
45.72421426233743
56.17541354782445
39.71115995972173
41.05616826836822
39.24460142981521
39.57008513087928
62.410386140190816
37.43657777600951
40.970800691725266
44.616159557027885
23.14163087157064
60.09726608656661
27.160944562526538
52.8581343666631
36.651323953230474
37.18805804002539
60.83318137615688
31.005705953226382
22.60390150476486
46.44808207928415
24.38255665342359
43.83337619048746
25.621121132952435
19.713146226260495
23.235457379510514
49.99575757714087
27.858361840068415
55.50823592676681
52.56069129864255
27.209390295891918
32.998157461121515
40.40106473146633
82.28872006727453
63.86249522881483
28.226852237620903
67.1801054018408
22.80333289229401
41.97731378997512
42.07092681085049
26.669369981522706
30.475004910450938
43.275131761734585
49.396519730786544
54.14973576761499
78.57666525276662
77.0118641078761
64.71324189989232
39.238128848250184
66.07056502909931
68.43497242784876
37.224948275998834
57.152442981073094
60.09570927918292
62.85753622175301
35.883758592277594
50.14722393990888
54.393671891825576
29.947983790473323
47.06165651678819
52.210786947266875
59.42960210279069
26.27587739563282
46.68926805929724
45.65957934684874
30.698135948719578
19.944546516952613
67.05636897113352
59.82513779423124
38.6747713027579
53.13733444795941
30.953530683278736
33.81920938244369
66.3321937439254
23.87507059399361
0.0       
0.0       
0.0       
0.0       
0.0       
0.0       
0.0       
0.0       
0.0       
0.0       
0.0       
0.0       
0.0       
0.0       
0.0       
0.0       
0.0       
0.0       
0.0       
0.0       
0.0       
0.0       
0.0       
0.0       
0.0       
0.0       
0.0       
0.0       
0.0       
0.0       
28.00384535689855
34.01073628022137
65.13140970686972
68.9113403034779
65.15010253306134
54.39726604294797
44.39714490163311
0.0       
47.430013761380415
0.0       
41.412498424737386
49.581143139311585
48.84324745450706
26.13791357747473
0.0       
62.47870390031039
37.598876406688994
19.966622257732258
0.0       
32.69469883824849
0.0       
41.92234749404617
0.0       
0.0       
25.341009535173676
50.83957042048765
66.46194643940952
61.41371716607372
69.29851565600342
33.27987227548807
70.19193144078119
53.846299781912535
23.29290129605595
0.0       
0.0       
35.026816689501125
62.9003588494039
35.77898514989975
69.8705581579566
47.53287130842447
54.860028833296795
64.16748927763923
67.00586811025651
68.7833586829139
67.97348672924605
50.5485771265556
70.96122360468537
26.673302485106476
0.0       
31.359966179310835
52.455399306801034
60.60039324353364
0.0       
49.04623820958027
45.830525538482604
0.0       
21.24474002721652
24.26413610892305
61.178399664208015
32.095586985956885
21.737392404967196
37.97355042079033
0.0       
74.71223055356742
0.0       
0.0       
34.49728356748708
21.33143389738949
0.0       
72.81703406181643
0.0       
0.0       
53.34011511136505
25.03062047966861
0.0       
25.984026524750178
38.46900882932819
72.09944236071443
31.491968912059583
48.34116741829985
25.09633165601088
46.584322447755405
0.0       
30.00013497962475
70.25982518032612
0.0       
63.015324512867245
0.0       
25.295827176091436
50.96704009742991
42.60054761405774
0.0       
38.2549339043671
0.0       
39.494391716246966
0.0       
46.735191875993586
52.00419635496926
0.0       
24.276408809776598
21.882621655468572
24.35211475827056
49.72531306132735
22.286566625183454
50.87767308591221
72.58409006589069
47.47269421075874
42.0193414153924
0.0       
28.188842568104352
0.0       
25.90239364449977
26.102063914116645
63.79745841280577
49.7286281585553
0.0       
0.0       
0.0       
42.50096821620306
73.25236622149215
53.456099322122625
0.0       
49.46765176998484
33.473161094142995
24.6248388210791
63.270890480446255
0.0       
27.447221923138954
43.718266431018314
0.0       
31.5595687109197
42.16153847609955
0.0       
69.3198883772806
38.49937916871746
54.482323340813736
51.98430097914189
0.0       
0.0       
21.787298417648113
44.62558143068395
45.096844698952275
57.47745564091386
0.0       
51.928846132839226
0.0       
24.89895706986431
38.06964086512967
21.418865343047646
0.0       
55.90459914407012
0.0       
59.44196571611291
67.19668334150376
61.18215742040482
0.0       
55.776435118466885
0.0       
53.41030485608058
0.0       
25.547908094700823
48.07274559690462
34.318825920353916
36.803691247540776
0.0       
50.12810440234088
50.22230359576317
55.98522773495745
48.3046809702197
31.387064288293335
69.37405446814955
30.06590643346212
23.045358620551518
69.62940064841362
34.74736400054396
66.28179452865399
52.616923214334236
69.50160619570946
0.0       
69.97832580415569
42.460379670553536
22.27981853312796
0.0       
27.201954422013888
0.0       
36.14531005261188
0.0       
0.0       
0.0       
65.33538560268595
40.20353483462272
56.81506839122303
61.332280691766066
21.305122979508095
55.88732005422921
45.89200996411086
23.93855287245099
21.079551835458812
59.30217260837462
73.02643347532211
63.86475437095206
42.82439106346012
0.0       
25.59001805947806
0.0       
0.0       
47.21025837654042
0.0       
34.161205894412156
22.457131335424307
21.273221929777215
64.00907199232228
22.76639531194038
62.22323173241315
25.477351996196013
24.255518544727988
59.08349135484238
61.67638378990241
60.767379802218706
56.988438960547256
37.02130195424285
0.0       
0.0       
68.05380219873442
51.60071918510474
60.761657857607254
55.67451331018688
42.18605088354612
0.0       
79.63200139873037
0.0       
0.0       
0.0       
29.32258917828471
60.311410102786176
0.0       
56.44735042407491
0.0       
19.53742657254039
22.427797517937464
47.84250739717017
52.55754452877917
22.549912901628197
51.843326801611454
0.0       
0.0       
53.818664170538256
0.0       
74.25212011875597
28.307801062720873
43.68712908418356
0.0       
43.0162175344564
0.0       
63.22821648316846
23.81928622014108
0.0       
42.52118607682714
48.86232626758251
0.0       
70.95845439731096
68.81582729779525
63.77800813801863
31.940080757371334
54.04967815819876
28.328278947726663
60.57822644571531
0.0       
47.79653010779907
45.678714739085265
43.26832513569606
69.45204261392958
52.68258889470214
0.0       
41.94637326127812
58.66222271567119
39.51151909245588
0.0       
26.530641359588333
0.0       
42.18685408278848
41.43384300393491
17.90242445870529
26.8204323957816
42.498997253886785
50.91458216680612
25.77050586046477
66.06308108895072
40.20037531558981
21.915037325403436
56.16757692494108
0.0       
34.36752098639735
0.0       
52.89066029707622
19.56748371978346
31.074071335136953
27.804812294443636
44.56841486707733
23.473046983979113
54.700999698833805
0.0       
56.02031619077877
69.18511018899825
80.88636722069373
65.92309095733728
49.05615490510982
0.0       
39.126547554715955
51.01535769470311
63.64900697984106
48.670801401930504
0.0       
0.0       
44.31871652762005
48.20131912049039
73.58912301389574
52.7238085826388
59.76883361021454
29.627781811760766
0.0       
22.21876534984031
23.359332150647557
33.17487452965549
48.44187431552397
75.27899604270353
26.45959904623459
29.55677719914686
45.39754888512183
65.70767925324277
42.874483145017024
21.616919193013956
37.18731870129031
56.20055376716059
0.0       
46.98621621162363
44.80579447008242
0.0       
0.0       
0.0       
0.0       
25.296969611743133
28.52528489057023
0.0       
34.14049053294782
23.20315084865464
38.88609401355043
0.0       
0.0       
60.082531171978836
0.0       
60.069537201696626
59.24963651950959
41.49997147178339
52.84704264933621
22.436113966625584
59.07206937353145
22.645234717415967
0.0       
51.038266406548644
21.368637366413928
0.0       
21.345826222120394
61.19507964387755
0.0       
0.0       
23.752905819140917
0.0       
20.05966586015515
21.425352466359897
63.81598196499471
29.248914863447652
64.17863284396779
60.59906715887066
46.86060607831901
30.069815195136
21.024488372894925
42.760360296319064
0.0       
62.67484278906548
0.0       
45.01820142211406
22.915712075825788
0.0       
59.85684396834845
61.715141783360664
59.3594312419867
58.27189658802589
30.40910849956548
67.82709016093094
44.48057974318524
61.350283375020645
52.792812754832575
22.04930214641378
0.0       
56.267204501611914
25.732981771905134
0.0       
0.0       
25.92338626222032
49.98714110290032
59.197872403677
59.21107877285364
28.60678393478814
0.0       
59.802873955570725
53.561317903958724
0.0       
56.82089940310144
60.2993891488666
29.738772903819356
58.7879445095596
59.859053210954166
55.940063916423995
0.0       
0.0       
0.0       
60.59222184804797
0.0       
33.161859024007995
62.49964418626532
59.998116443912735
61.16381409284535
25.005853431257847
61.96685136723782
46.6921578408488
58.632081877725426
0.0       
30.3960122439865
59.01313652905887
58.5077181327665
22.36077002995832
49.85666308799925
0.0       
58.698768936850534
62.42299401695418
0.0       
0.0       
57.24972197729394
23.764227931406232
65.16467870739736
26.954088129242155
64.41510961861735
60.40688876673067
0.0       
58.742827976591705
60.867560158101796
0.0       
63.673955042979145
0.0       
32.4893858610105
25.44282492050957
0.0       
24.51332756997572
51.40118852850061
59.50052273961641
22.894316448180156
60.55254514620187
58.226803040070436
28.449050613504284
48.86226780031259
37.35766474591758
72.0624771097121
22.251829910919774
28.329706381798154
50.45216516236562
20.711416001111928
47.8022173109868
30.910379404918537
25.012717091812114
38.238611972310636
24.37575202371464
20.307406757880905
65.4285766269556
35.154591911836846
41.16959454240873
32.029192192610275
19.60742463197844
75.67752970989655
47.07703204219865
28.50580755951212
74.45167366240405
65.53583558490479
40.290732036576344
46.9760077774318
39.12944783610569
45.16431625694513
54.46282360076056
30.794572392300985
27.49157346487443
46.28429426643121
70.5276596420764
65.73029200118374
33.543367516079435
52.57387417514444
28.1480513828561
49.87206779335661
52.80103018144482
39.282533932323666
69.06429701449021
73.31267778854382
23.425226802503936
53.384238692346166
27.298143951439798
33.22868969556813
71.45708588139159
31.570742673042144
54.802789868655026
57.195223975461516
54.031702447174354
67.53582395023882
66.29900471008837
23.48981406058134
32.790887811496695
32.15919587071531
67.62262484027339
72.59725363203397
18.171540818466337
67.5793466034861
56.6813925019012
47.815364470050575
35.310519059258056
22.503374626941653
52.30651823582071
68.58777412641652
38.93056555718149
37.99576353679407
47.03859547704133
35.507924699203414
48.12179120703937
37.66736420630842
51.27952860861556
43.02597822759181
20.6229932562243
23.2098354408661
65.65386337913596
20.658684095642474
43.28446508243275
67.38191488202578
24.16469367657933
23.942759012671203
52.68290142189967
29.699985853756605
19.68635098573341
44.61810289148627
71.87356645452326
34.23029486513069
44.753356184626675
34.49706446809392
50.193343871734214
51.318422411965095
53.84641159383728
72.79674301314544
25.293947664420266
51.3502225028313
49.3575302613863
19.51728628082142
18.878752040927587
33.84747168218642
18.225225740269767
40.56284195591726
25.00548166763891
68.72715134454026
65.42243780270577
56.207452902803325
30.986839130840746
43.55504332963799
45.32049999361613
41.339397862684045
36.522247348595556
47.64388711431484
67.71289447738057
32.20299718280108
44.94526980494271
50.375540531155586
28.22314322398699
33.50169399819825
48.95462394077779
51.474597776260914
55.286983378847374
52.17033273533363
48.03366696738555
46.91034732543944
21.02304265105594
48.233320341629984
20.53686608994719
47.81424824346578
48.69582100754658
52.16119598246932
62.71105026602813
33.54176848227497
19.813776756304243
52.17326241873206
50.47087190504282
72.49298633741233
70.1183913375667
24.590596782310868
41.9217934886144
49.08675235466103
48.85542516760175
25.18190630247393
47.23994202090737
48.03932331168035
67.95441669649898
0.0       
0.0       
0.0       
0.0       
0.0       
0.0       
0.0       
0.0       
0.0       
0.0       
0.0       
0.0       
0.0       
0.0       
0.0       
0.0       
0.0       
0.0       
0.0       
0.0       
0.0       
0.0       
0.0       
0.0       
0.0       
0.0       
0.0       
0.0       
0.0       
